== MainRig_026 verts=758 x[7.9115,9.7601] y[44.9877,45.0227] z[5.0250,5.0518]
  x=8.3: y-levels(mm) [44987.7, 44989.3, 44991.8, 44992.7, 44995.9, 44996.0, 44996.1, 44996.2, 44998.0, 44998.1, 44998.4, 44998.5, 45000.2, 45000.9]  z-levels(mm) [5026.4, 5028.1, 5028.8, 5029.5, 5030.0, 5030.3, 5030.5, 5031.1, 5031.2, 5031.4, 5032.4, 5032.8, 5032.9, 5033.9]
  x=8.8: y-levels(mm) [44987.7, 44989.5, 44990.4, 44992.7, 44993.7, 44994.1, 44994.3, 44996.4, 44997.6, 44999.8, 45000.2, 45002.1, 45010.2, 45010.6]  z-levels(mm) [5025.9, 5029.9, 5030.0, 5030.1, 5030.7, 5030.9, 5031.7, 5031.8, 5033.2, 5033.3, 5033.4, 5033.5, 5033.9, 5034.6]
  x=9.4: y-levels(mm) [44987.7, 44987.9, 44988.7, 44992.7, 44994.5, 44995.2, 44995.4, 44995.5, 44996.3, 44996.5, 44998.8, 44998.9, 44999.2, 44999.3]  z-levels(mm) [5025.3, 5026.9, 5027.8, 5028.2, 5029.6, 5030.0, 5030.1, 5030.3, 5030.7, 5031.3, 5031.7, 5031.8, 5032.8, 5032.9]
== MainRig_037 verts=844 x[7.8883,9.6670] y[44.9877,45.0227] z[4.9999,5.0249]
  x=8.3: y-levels(mm) [44987.7, 44991.1, 44991.7, 44992.7, 44993.4, 44993.6, 44993.7, 44993.9, 44995.4, 44995.9, 44996.2, 44996.3, 44996.4, 44996.9]  z-levels(mm) [4999.9, 5002.0, 5002.9, 5003.1, 5004.1, 5004.9, 5005.0, 5005.3, 5005.6, 5005.8, 5005.9, 5006.0, 5006.3, 5006.5]
  x=8.8: y-levels(mm) [44987.7, 44989.0, 44990.2, 44990.9, 44992.7, 45000.0, 45000.1, 45000.2, 45002.6, 45004.2, 45004.9, 45007.0, 45008.7, 45009.6]  z-levels(mm) [4999.9, 5004.6, 5004.9, 5005.2, 5005.4, 5005.6, 5005.9, 5006.3, 5006.5, 5006.9, 5007.1, 5007.4, 5007.5, 5007.6]
  x=9.4: y-levels(mm) [44987.7, 44988.0, 44988.5, 44991.1, 44991.5, 44991.7, 44991.8, 44992.7, 44992.9, 44993.1, 44993.2, 44993.5, 44993.9, 44994.4]  z-levels(mm) [4999.9, 5001.8, 5002.6, 5003.0, 5004.5, 5004.9, 5005.0, 5005.2, 5005.5, 5005.8, 5005.9, 5006.5, 5007.1, 5007.4]
== MainRig_118 verts=580 x[7.9115,9.7566] y[46.2337,46.2587] z[5.0300,5.0500]
  x=8.3: y-levels(mm) [46233.7, 46237.3, 46237.4, 46237.7, 46238.7, 46239.5, 46239.9, 46240.6, 46240.7, 46241.2, 46244.3, 46248.0, 46251.2, 46251.7]  z-levels(mm) [5030.0, 5031.0, 5031.3, 5031.6, 5031.9, 5032.3, 5032.5, 5032.7, 5032.8, 5033.0, 5033.2, 5033.5, 5034.1, 5034.4]
  x=8.8: y-levels(mm) [46233.7, 46236.3, 46238.7, 46240.6, 46241.0, 46241.2, 46244.0, 46248.3, 46251.2, 46251.4, 46251.8, 46253.7, 46254.0, 46258.7]  z-levels(mm) [5030.0, 5032.4, 5032.5, 5032.6, 5032.9, 5033.0, 5033.6, 5033.7, 5034.4, 5034.6, 5035.5, 5035.7, 5035.8, 5036.7]
  x=9.4: y-levels(mm) [46233.7, 46234.7, 46236.2, 46237.2, 46237.3, 46238.7, 46239.5, 46239.6, 46239.9, 46240.0, 46240.7, 46240.8, 46241.2, 46243.6]  z-levels(mm) [5030.0, 5030.9, 5031.4, 5032.5, 5032.6, 5032.9, 5033.0, 5033.6, 5033.7, 5034.2, 5034.6, 5034.7, 5035.3, 5035.7]
== MainRig_179 verts=672 x[7.8854,9.6642] y[46.2329,46.2585] z[5.0044,5.0260]
  x=8.3: y-levels(mm) [46233.1, 46233.2, 46233.3, 46233.4, 46233.5, 46236.6, 46236.8, 46236.9, 46237.3, 46237.5, 46237.7, 46237.8, 46237.9, 46238.0]  z-levels(mm) [5005.3, 5005.4, 5005.7, 5006.3, 5006.4, 5006.7, 5006.8, 5007.7, 5007.8, 5007.9, 5008.0, 5008.3, 5009.0, 5009.9]
  x=8.8: y-levels(mm) [46233.0, 46233.2, 46233.3, 46233.4, 46235.8, 46236.2, 46236.7, 46236.8, 46236.9, 46237.1, 46237.4, 46238.1, 46238.2, 46238.3]  z-levels(mm) [5005.0, 5005.1, 5007.2, 5007.3, 5007.5, 5007.6, 5007.7, 5007.9, 5008.0, 5008.1, 5008.2, 5008.5, 5008.6, 5008.9]
  x=9.4: y-levels(mm) [46232.9, 46233.0, 46233.1, 46233.2, 46233.3, 46234.0, 46234.6, 46235.1, 46235.2, 46235.3, 46235.5, 46235.7, 46235.9, 46236.0]  z-levels(mm) [5004.6, 5004.7, 5005.5, 5005.6, 5006.1, 5006.2, 5007.1, 5007.2, 5007.3, 5007.5, 5007.6, 5007.7, 5007.8, 5008.1]
== MainRig_006 verts=97 x[9.6786,9.7035] y[44.9622,46.2672] z[4.9701,4.9950]
  x=8.3: y-levels(mm) []  z-levels(mm) []
  x=8.8: y-levels(mm) []  z-levels(mm) []
  x=9.4: y-levels(mm) []  z-levels(mm) []
== MainRig_010 verts=97 x[7.8476,7.8725] y[44.9622,46.2672] z[4.9701,4.9950]
  x=8.3: y-levels(mm) []  z-levels(mm) []
  x=8.8: y-levels(mm) []  z-levels(mm) []
  x=9.4: y-levels(mm) []  z-levels(mm) []